%YAML:1.0
---
cameraMatrix: !!opencv-matrix
   rows: 3
   cols: 3
   dt: d
   data: [ 1.0394049405240803e+03, 0., 9.7519690153073327e+02, 0.,
       1.0390010328801645e+03, 5.5863497291954241e+02, 0., 0., 1. ]
distortionCoefficients: !!opencv-matrix
   rows: 1
   cols: 5
   dt: d
   data: [ -7.3985943303358323e-02, 6.0335123178952432e-01,
       3.1470175994319292e-03, 3.6986429377088475e-03,
       -1.6077202095317498e+00 ]
rotation: !!opencv-matrix
   rows: 3
   cols: 3
   dt: d
   data: [ 1., 0., 0., 0., 1., 0., 0., 0., 1. ]
projection: !!opencv-matrix
   rows: 4
   cols: 4
   dt: d
   data: [ 1.0394049405240803e+03, 0., 9.7519690153073327e+02, 0., 0.,
       1.0390010328801645e+03, 5.5863497291954241e+02, 0., 0., 0., 1.,
       0., 0., 0., 0., 1. ]
