%YAML:1.0
---
depthShift: -5.4325309417586233e+01
