%YAML:1.0
---
cameraMatrix: !!opencv-matrix
   rows: 3
   cols: 3
   dt: d
   data: [ 3.4822605974411562e+02, 0., 2.5684038313626758e+02, 0.,
       3.4842133505483940e+02, 2.0620995846385051e+02, 0., 0., 1. ]
distortionCoefficients: !!opencv-matrix
   rows: 1
   cols: 5
   dt: d
   data: [ 1.4852491658558089e-02, -7.1136882667655471e-02,
       2.8531063096169816e-03, 8.9149739212802549e-03,
       -2.5281937048375358e-01 ]
rotation: !!opencv-matrix
   rows: 3
   cols: 3
   dt: d
   data: [ 1., 0., 0., 0., 1., 0., 0., 0., 1. ]
projection: !!opencv-matrix
   rows: 4
   cols: 4
   dt: d
   data: [ 3.4822605974411562e+02, 0., 2.5684038313626758e+02, 0., 0.,
       3.4842133505483940e+02, 2.0620995846385051e+02, 0., 0., 0., 1.,
       0., 0., 0., 0., 1. ]
