%YAML:1.0
---
rotation: !!opencv-matrix
   rows: 3
   cols: 3
   dt: d
   data: [ 9.9987584542879571e-01, 1.5079682660726007e-02,
       4.5713126017335451e-03, -1.5064530472516631e-02,
       9.9988097465101922e-01, -3.3311338265511708e-03,
       -4.6210009406606233e-03, 3.2618555730710990e-03,
       9.9998400319631453e-01 ]
translation: !!opencv-matrix
   rows: 3
   cols: 1
   dt: d
   data: [ -5.3550648458509049e-02, 2.2142773601533839e-03,
       1.1571554646760988e-02 ]
essential: !!opencv-matrix
   rows: 3
   cols: 3
   dt: d
   data: [ 1.6408785982637003e-04, -1.1562954685483367e-02,
       2.2527883359027591e-03, 1.1322660388455896e-02,
       3.4916985308036414e-04, 5.3602689012876813e-02,
       -1.4072870719709710e-03, -5.3577665173802073e-02,
       1.6826222251368735e-04 ]
fundamental: !!opencv-matrix
   rows: 3
   cols: 3
   dt: d
   data: [ 1.6432424823401021e-06, -1.1573122640820430e-04,
       3.1298977795851508e-02, 1.1343380031809478e-04,
       3.4961275553473555e-06, 1.5714478632442955e-01,
       -7.9619056854687120e-02, -4.4647092823164675e-01, 1. ]
